    1.0000   34.9945    5.5084
    2.0000    0.6005    8.3921
    3.0000    0.2440   11.9399
    4.0000   42.6646    0.9829
    5.0000   23.3644   17.7336
    6.0000   41.8359   17.1660
    7.0000   11.0312    1.7012
    8.0000   40.2980    3.5483
    9.0000   12.4290    0.2680
   10.0000   49.9136   11.7997
   11.0000   46.8949   14.1572
   12.0000   27.6978   15.1785
   13.0000   45.6349    4.2794
   14.0000   31.7745   19.3233
   15.0000   39.0048    9.6878
   16.0000   28.3609    1.2494
   17.0000    9.5881    3.5692
   18.0000   45.3124    6.7653
   19.0000   25.7428   17.6096
   20.0000   49.9488    0.8544
   21.0000   18.8664    7.1081
   22.0000   10.3056   12.8148
   23.0000   36.4973   16.5577
   24.0000   15.6718    0.8925
   25.0000    5.8790   15.8165
   26.0000   44.4303    1.0230
   27.0000   34.6561    5.9285
   28.0000   46.9950    5.4428
   29.0000   20.8584   18.2691
   30.0000   40.7885   12.1093
   31.0000   40.2421   10.0443
   32.0000   18.0202   14.7320
   33.0000   45.6907    2.2425
   34.0000   14.4158   17.6898
   35.0000    8.2501   10.5910
   36.0000   22.7931    0.1099
   37.0000   12.1409    3.2574
   38.0000    0.0961    5.2465
   39.0000   30.7671    0.7774
   40.0000   33.0614   13.6413
   41.0000   33.0168    0.5639
   42.0000   34.0238    9.9990
   43.0000   42.5325    9.6139
   44.0000    1.8657    5.5706
   45.0000   34.0388   11.8098
   46.0000   28.5569    5.7483
   47.0000   34.5107   18.3989
   48.0000   44.7783    0.1213
   49.0000   13.3431   11.2906
   50.0000    3.4277    7.3738
   51.0000   15.6801    7.4272
   52.0000   39.4590    0.4239
   53.0000   24.9170   13.7450
   54.0000   21.8516   11.0913
   55.0000    8.4203   15.3087
   56.0000   13.2281   15.8268
   57.0000   34.1941    4.9312
   58.0000   40.8319    3.9961
   59.0000   35.2760    7.3388
   60.0000   28.8269   14.3914
   61.0000   49.7031    2.5073
   62.0000   23.0597    8.5979
   63.0000   24.6677    0.3271
   64.0000   13.6980    1.4204
   65.0000   32.7551   14.2061
   66.0000   20.3529   16.0590
   67.0000   14.9982   18.2039
   68.0000   30.2718   18.2425
   69.0000   39.5587   12.5907
   70.0000   48.5447    2.6299
   71.0000   38.6692    1.2427
   72.0000   29.9991   15.5509
   73.0000   22.4534   14.8430
   74.0000    7.6736   12.5186
   75.0000   10.5617   14.5819
   76.0000   35.0175    4.0603
   77.0000   47.8091   15.8999
   78.0000   31.7734   19.4914
   79.0000   44.5636    8.4029
   80.0000   10.8143    4.9144
   81.0000   34.1772    9.6024
   82.0000   15.7529   13.3794
   83.0000    1.2693   17.0475
   84.0000   41.0125   18.9065
   85.0000   21.6334    2.5746
   86.0000    4.4353   13.9329
   87.0000   46.7542    1.6017
   88.0000   19.5388    2.0713
   89.0000   29.3966    2.6240
   90.0000   11.9918   10.3011
   91.0000   32.6783    9.6356
   92.0000   18.3266    8.9177
   93.0000   24.0625   15.9635
   94.0000   20.0843   10.5788
   95.0000   16.6899   13.3769
   96.0000   13.3793    9.6668
   97.0000   38.3921    6.6537
   98.0000   12.0191    5.1760
   99.0000   48.0639   19.4741
  100.0000   46.1776    5.2872
  101.0000   13.7123   15.7988
  102.0000   11.1639    9.9414
  103.0000   12.6062    6.4157
  104.0000   12.3497   12.3257
  105.0000   11.9788    0.1379
  106.0000   21.4125    1.2587
  107.0000   41.2963   18.4005
  108.0000   30.8593   18.1233
  109.0000    9.6937   16.6307
  110.0000   40.4041   18.2735
  111.0000   49.2817   13.5832
  112.0000    7.4301   15.5412
  113.0000   42.6515   13.8734
  114.0000   11.9301    3.9771
  115.0000   20.8470    9.0478
  116.0000   16.1200   15.7777
  117.0000   21.7019    0.0385
  118.0000   16.3712   11.1116
  119.0000    4.9484    8.6650
  120.0000   33.5587    1.1683
  121.0000    2.4679    8.8392
  122.0000   10.0498   16.7919
  123.0000   24.9568   12.3651
  124.0000   25.6000   12.4500
  125.0000   12.3000   10.2300